1 3 : 3 4 14 
2 7 : 29 39 43 51 55 63 67 
3 3 : 1 5 15 
4 3 : 1 6 14 
5 3 : 3 7 15 
6 3 : 4 9 24 
7 4 : 5 8 17 60 
8 3 : 7 10 60 
9 3 : 6 11 24 
10 4 : 8 13 61 62 
11 3 : 9 12 25 
12 4 : 11 13 25 27 
13 4 : 10 12 50 62 
14 3 : 1 4 16 
15 3 : 3 5 17 
16 3 : 14 18 26 
17 4 : 7 15 19 60 
18 3 : 16 20 26 
19 3 : 17 21 60 
20 3 : 18 22 28 
21 4 : 19 23 39 67 
22 3 : 20 23 30 
23 3 : 21 22 38 
24 3 : 6 9 25 
25 4 : 11 12 24 27 
26 3 : 16 18 28 
27 3 : 12 25 29 
28 3 : 20 26 30 
29 5 : 2 27 31 43 55 
30 3 : 22 28 31 
31 3 : 29 30 42 
32 4 : 1 22 30 33 
33 4 : 1 23 30 34 
34 4 : 1 22 31 39 
35 4 : 1 22 31 34 
36 4 : 1 22 30 32 
37 4 : 1 23 30 33 
38 4 : 21 22 23 39 
39 5 : 2 21 23 43 67 
40 4 : 1 22 30 32 
41 4 : 1 22 31 34 
42 4 : 22 29 31 43 
43 4 : 2 29 31 39 
44 4 : 1 12 27 45 
45 4 : 1 13 27 46 
46 4 : 1 12 27 51 
47 4 : 1 12 27 46 
48 4 : 1 12 13 29 
49 4 : 1 13 27 45 
50 4 : 12 13 51 62 
51 4 : 2 13 55 63 
52 5 : 1 12 13 27 29 
53 4 : 1 12 29 45 
54 4 : 1 12 29 55 
55 3 : 2 29 51 
56 4 : 1 19 57 60 
57 4 : 1 19 60 62 
58 4 : 1 19 56 63 
59 4 : 1 19 56 58 
60 5 : 7 8 17 19 61 
61 3 : 10 60 62 
62 4 : 10 13 61 63 
63 4 : 2 51 62 67 
64 4 : 17 19 21 60 
65 5 : 1 19 21 56 57 
66 4 : 1 21 56 67 
67 4 : 2 21 39 63