0  0  1
6  6  5
0  0  2
0  1  0
0  1  4
0  2  0
0  2  5
0  4  6
0  5  1
0  5  6
0  6  2
0  7  4
0  7  5
2  0  0
2  0  5
3  0  0
3  0  6
5  0  1
5  0  7
6  0  2
6  0  7
7  0  4
7  0  5
1  5  0
2  6  0
5  1  0
5  7  0
6  2  0
6  7  0
7  4  0
7  5  0
7  3  3
7  3  4
7  4  4
7  4  3
7  2  3
7  2  4
7  3  5
7  4  5
7  3  2
7  4  2
7  5  3
7  5  4
3  7  3
3  7  4
4  7  4
4  7  3
2  7  3
2  7  4
3  7  5
4  7  5
3  7  2
4  7  2
5  7  3
5  7  4
3  3  7
3  4  7
4  4  7
4  3  7
2  3  7
2  4  7
3  5  7
4  5  7
3  2  7
4  2  7
5  3  7
5  4  7